+-------------------------------------------------------------------------------------------------------------------------------------------------------------------------------------------------------------------------------+
; Legal Partition Candidates                                                                                                                                                                                                    ;
+--------------------------+-------+----------------+--------------+----------------+--------+-----------------+---------------+-----------------+-------+----------------+--------------+------------------+-------------------+
; Hierarchy                ; Input ; Constant Input ; Unused Input ; Floating Input ; Output ; Constant Output ; Unused Output ; Floating Output ; Bidir ; Constant Bidir ; Unused Bidir ; Input only Bidir ; Output only Bidir ;
+--------------------------+-------+----------------+--------------+----------------+--------+-----------------+---------------+-----------------+-------+----------------+--------------+------------------+-------------------+
; i2c_configurator         ; 2     ; 0              ; 0            ; 0              ; 1      ; 0               ; 0             ; 0               ; 1     ; 0              ; 0            ; 0                ; 0                 ;
; renderer|score_r_render  ; 92    ; 64             ; 0            ; 64             ; 1      ; 64              ; 64            ; 64              ; 0     ; 0              ; 0            ; 0                ; 0                 ;
; renderer|score_l_render  ; 92    ; 64             ; 0            ; 64             ; 1      ; 64              ; 64            ; 64              ; 0     ; 0              ; 0            ; 0                ; 0                 ;
; renderer                 ; 161   ; 0              ; 0            ; 0              ; 24     ; 0               ; 0             ; 0               ; 0     ; 0              ; 0            ; 0                ; 0                 ;
; game_logic               ; 7     ; 54             ; 0            ; 54             ; 190    ; 54              ; 54            ; 54              ; 0     ; 0              ; 0            ; 0                ; 0                 ;
; video_timing             ; 2     ; 0              ; 0            ; 0              ; 28     ; 0               ; 0             ; 0               ; 0     ; 0              ; 0            ; 0                ; 0                 ;
; pll_clock|pll_74mhz_inst ; 2     ; 0              ; 0            ; 0              ; 2      ; 0               ; 0             ; 0               ; 0     ; 0              ; 0            ; 0                ; 0                 ;
; pll_clock                ; 2     ; 0              ; 0            ; 0              ; 2      ; 0               ; 0             ; 0               ; 0     ; 0              ; 0            ; 0                ; 0                 ;
+--------------------------+-------+----------------+--------------+----------------+--------+-----------------+---------------+-----------------+-------+----------------+--------------+------------------+-------------------+
